179
220
16
19
13
17
17
16
24
19
21
17
Win count:  {'player_1': 257, 'player_2': 302, 'player_3': 179, 'player_4': 263}
Wins last 1000 {'player_1': 28, 'player_2': 29, 'player_3': 17, 'player_4': 26}16
19
13
17
17
16
24
19
21
17
22
25
26
16
21
22
27
21
24
16
29
20
20
19
19
19
20
17
17
21
22
17
22
14
18
27
17
25
17
23
24
18
18
22
27
26
19
32
25
new Parameter......... lr 0.01 0.01
16
19
13
17
17
16
24
19
21
17
22
25
26
16
21
22
27
21
24
16
29
20
20
19
19
19
20
17
17
21
22
17
22
14
18
27
17
25
17
23
24
18
18
22
27
26
19
32
25

another learning rate change  0.05 0.05


16
19
13
17
17
16
24
19
21
17
22
25
26
16
21
22
27
21
24
16
29
20
20
19
19
19
20
17
17
21
22
17
22
14
18
27
17
25
17
23
24
18
18
22
27
26
19
32
25
20
29
24
27
17
20
20
19
15
15
24
22
30
24
15
20
21
28
22
12
24
19
23
21
19
16
21
19
18
20
21
19
21
24
20
25
15
12
25
27
27
20
22
21
25
26
25
17
15
20

lr 0.005 0.005

16
19
13
17
17
16
24
19
21
17
22
25
26
16
21
22
27
21
24
16
29
20
20
19
19
19
20
17
17
21
22
17
22
14
18
27
17
25
17
23
24
18
18
22
27
26
19
32
25
20
29
24
27
17
20
20
19
15
15
24
22
30
24
15
20
21
28
22
12
24
19
23
21
19
16
21
19
18
20
21
19
21
24
20
25
15
12
25
27
27
20
22
21
25
26
25
17
15
20

lr 0.1 0.1 250
16
19
13
17
17
16
24
19
21
17
22
25
26
16
21
22
27
21
24
16
29
20
20
19
19
19
20
17
17
21
22
17
22
14
18
27
17
25
17
23
24
18
18
22
27
26
19
32
25
20
29
24
27
17
20
20
19
15
15
24
22
30
24
15
20
21
28
22
12
24
19
23
21
19
16
21
19
18
20
21
19
21
24
20
25
15
12
25
27
27
20
22
21
25
26
25
17
15
20
